1040238737408421889
1122806771075018752
1169513874527121409
1171414629400158208
1207332825327796224
1322191329426694145
1389835823147745280
1413234166943031297
1428272299807965189
1439393109071126532
1440737806532288522
1456869803663130626
1529791299389231104
15523744
1555613343674957824
1557909637747318790
1584234153096417281
1600208165269741570
1650134867424976896
1650776073830014976
1654002469180178432
1660215424267718662
1671776386024099840
1672935627099078656
1677855478762844160
1680195212919050246
1683392461484294144
1688156865807720449
1689136531913785346
1695977358342475777
1696070689776971776
1697987636231860224
1710391034302337024
1725134739907211264
1734356062336434176
1737079518647771136
1737133016865189888
1738136005671260160
1741412015233458176
1751924801604849664
1752153997358841856
1752552329801592833
1753444793492144128
1754399168850972672
1760152533937610752
1760207886825746433
1773199826643255296
1784952411595161600
1786694173883871232
1788906784683614208
1789675500761460736
1794461817215008768
1794973650720092160
1797089026111098880
1797805597993410562
1801809484936826880
1802580669228601344
1803504415430811653
1803730924430880769
1812899082354192385
1812977220312518656
1815339131620425728
1818168257985359872
1820042591418945536
1821055353834131456
1822843649316859904
1826656341655781383
1828175705743790080
1830676659848241152
1833545479226810369
1839694726452170752
1847909934203097088
1862324850964172800
1862394937209495552
1862844185998438400
1864320713622278144
1865017132234477571
1867009091878653953
1872636853205204992
1879523837152276480
2579990880
3022697779
727779303442747392
926186902675374080
948014469044678656
963011147157794816
