1038647793160663041
1040238737408421889
1122806771075018752
1169513874527121409
1171414629400158208
1207332825327796224
1322191329426694145
1358092633671835648
1389835823147745280
1396330780079509510
1413234166943031297
1427943617990123522
1428272299807965189
1439393109071126532
1440737806532288522
1456869803663130626
1486824242
1495555563228315652
1529791299389231104
1545277694325116928
1549323106719674368
15523744
1557909637747318790
1560523219924164610
1573944250911559680
1578705594663710720
1584234153096417281
1597116471733211136
1600208165269741570
1628643454556184576
1649622885638590464
1650134867424976896
1650776073830014976
1653487911931895808
1660215424267718662
1671776386024099840
1672935627099078656
1677855478762844160
1680195212919050246
1683392461484294144
1683441735144439808
1688156865807720449
1689136531913785346
1695977358342475777
1696070689776971776
1697987636231860224
1706329796035436544
1710391034302337024
1710880841927364608
1715638520180547584
1725134739907211264
1725486340542775296
1731220298610188288
1734356062336434176
1737133016865189888
1738136005671260160
1741412015233458176
1751924801604849664
1752153997358841856
1752552329801592833
1753444793492144128
1754399168850972672
1755765450707709952
1760152533937610752
1760207886825746433
1760242120143896576
1773199826643255296
1783451711862112256
1784952411595161600
1786694173883871232
1788906784683614208
1789675500761460736
1791762241706205184
1794154221194932224
1794461817215008768
1794973650720092160
1796132602581061632
1797805597993410562
1797952742918586368
1802580669228601344
1803504415430811653
1803730924430880769
1809497565630722052
1812899082354192385
1812977220312518656
1815339131620425728
1818168257985359872
1818325332233269248
1819972017229369344
1820042591418945536
1821055353834131456
1822843649316859904
1826070707748712448
1826656341655781383
1828175705743790080
1830676659848241152
1832703762559037440
1833545479226810369
1839694726452170752
1841676565857632258
1847909934203097088
1854224109011664896
1861186759570399233
1862324850964172800
1862394937209495552
1862844185998438400
1863807953108897792
1864320713622278144
1867009091878653953
1872636853205204992
1879523837152276480
1882056461599326208
1882338112241905664
1883222136669802496
1883258833151430657
1885305773280149504
1886682924751446016
2579990880
3022697779
702827952803680256
727779303442747392
926186902675374080
948014469044678656
963011147157794816
