1025144566540906496
1027736930
1029182457399013376
1038647793160663041
1040238737408421889
1045199453500493824
1070364302404534272
1074838588012052481
1087088167453372416
1092696219963424768
1098506786099802112
1099682917943455744
1105304810385944578
1112030797286903808
1121999890656030722
1122806771075018752
1145910523369836544
1158382980076716032
1168839451
1169513874527121409
1171414629400158208
1172399322211602433
1177185692620861442
1196082863172706304
1206199117455613952
1207332825327796224
1232837627939676160
1234885728217096192
1235523821668450304
123791069
1243945571796295681
1246933297889865728
1248493539782098945
1248637653001494529
1256199570804969472
1259148651567255552
1270146896997179392
1272827834235531267
1277216045913104384
1284319971015659520
1286606729824722945
1292518508215992322
129488347
1308687463985094656
1311339016994697217
1312743663634731009
1322191329426694145
1327491516407840769
1330178000139247616
1352280280074080258
1356444894466768901
1356608461304442887
1358092633671835648
1359421367486095361
1371079448267685891
1372701311112785923
1373146478
1378644281720705025
1385759170260094979
1389835823147745280
1392813215449423872
1393786705
1394997393284685824
1396330780079509510
1413234166943031297
1417207209520472073
1427198883055165442
1427943617990123522
1428272299807965189
1428538649952534537
1430520198499643394
1430713977751756800
1434165891596369922
1437816770736410627
1439393109071126532
1440737806532288522
1444497843645939712
1446436411981266944
1451061564954480648
1452252872503140354
1453652396198883329
1453917539335958529
1455487054788186122
1456555809089806342
1456869803663130626
1459933885974953984
1467845050113556483
1473524390897729536
1475074051970191362
1483726186991669250
1486612881743364099
1486824242
1487764985904504833
1490016666230697989
1490707122291867648
1494683284516782080
1498687249768194057
1499629012683214850
1500035286608543748
1501771978365370370
1502565319042564097
1505384370076622853
1509336642087452672
1509358549134045191
1510462582632902661
1510649669294067713
1515669370386616322
1522137494833315841
1522155640847802373
1523805473136332801
1529791299389231104
1541037828267978753
1544700414175907840
1544976705042857984
1545252980244377600
1545623183973199875
1547859002708889600
1548563301948428288
1549323106719674368
1551042471575973889
1551070515967668225
1552339082889789446
15523744
1552816761594351616
1553107630511603712
1557909637747318790
1559384223668002816
1560225181053878272
1560523219924164610
1561297865099857920
1561409542260371456
1562777650615427073
1564035555460988929
1564621327050280967
1567543381441773570
1568926901192003587
1573512220625227776
1573944250911559680
1575164407
1579640715524526083
1581953561771900928
1582064709452595200
1584234153096417281
1584939321500786688
1588554132809347073
1588727052290510849
1589075204256411648
1589446914340139008
1590697432915988480
1591090689269387264
1591979043947442176
1593159425040084993
1595980472315564032
1596528833431150592
1597116471733211136
1597176365270597634
1598914530959990789
1599718369258635265
1600074676490805249
1600106110676967424
1600208165269741570
1600464186106327041
1601152627169193984
1605185104677986305
1609380631917776896
1611815499435855873
1613465315131916290
1613522300329943040
1615229704549859329
1615986254344065024
1619383169081544705
1622882190479740930
1626213866270228484
1627318410928619521
1628643454556184576
1629680157920489472
1631560100761735169
1632332799452786688
1632359276856614913
1642384726811082752
1643148301460553728
1643176894739644416
1643599512924200960
1645244155235540992
1645627834701082624
1645684141944619008
1646570225683562496
1646908984274853888
1649293525480251394
1649622885638590464
1650134867424976896
1650776073830014976
1653487911931895808
1656308315021012994
1657265231528329217
1657704267443232770
1660215424267718662
1660708799374843905
1660937398128181248
1662352629593436160
1663138553940033536
1663175321548636160
1663556887923818497
1663713493252546561
1667160070277197826
1668656828740403202
1670009538655981574
1670805100791574531
1671028691965730816
1671776386024099840
1671791538442227712
1672136510660050944
1672935627099078656
1675050570548408320
1675742314797383683
1675896140116668416
1677271366888837121
1677855478762844160
1678329962573729792
1678993602490552321
1679712986230059008
1679995746643480576
1680195212919050246
1682247570654121985
1683392461484294144
1683441735144439808
1683763153191178242
1685706756943695872
1685737527909683200
168658591
1688071584576106497
1688156865807720449
1688358212813332480
1689136531913785346
1689588902628356096
1692446433222463488
1692773773056110592
1692926589028220928
1693683077598543877
1693829564534038528
1693958122241708032
1694342623350153216
1695305436508172288
1695977358342475777
1696070689776971776
1696374863894589440
1697987636231860224
1698709266398670848
1699397558001623040
1700327304189427712
1701426110083563520
1701477796890198016
1701968149879439360
1703695278019379200
1705262214696022016
1705494533797285888
1705500138431782912
1706329796035436544
1707344265116835840
1707686509267304448
1710391034302337024
1710880841927364608
1713932430187679744
1715424211018403840
1715638520180547584
1717163034752479232
1718574336830050304
1720703211672125440
1721486302775001088
1721593985913749504
1723291140030623744
1724349605973049344
1724630965551865856
1725134739907211264
1725486340542775296
1725549809195745280
1725683921763905536
1725817140
1727145988518027264
1728436872358301696
1728610776016187392
1729172248026603520
1729407839578230784
1730178823810129920
1731220298610188288
1731240511011471360
1732024491272728577
1732694773109055488
1734356062336434176
1736769467722473473
1737133016865189888
1738136005671260160
1738867191712497664
1738944212442464256
1739008013812596736
1739302006253133825
1739342445895360512
1739946914173644800
1740211068880736256
1741412015233458176
1742950430207008769
1750815303972655104
1751924801604849664
1752153997358841856
1752258131919585280
1752552329801592833
1753348784573001728
1753444793492144128
1753694193506189312
1753698234101547008
1754358889716527104
1754399168850972672
1754589252296609792
1754996583010037760
1755542288502255616
1756027556451766272
1756082103941308416
1757281038479560704
1757824898473562112
1758421050638131200
1758904710722203648
1760152533937610752
1760207886825746433
1760242120143896576
1760626620417839104
1761336822829875200
1762755631348404224
1763512197962182656
1766032504379912192
1766388563627905024
1766445715797188608
1767041606295912448
1769201894826938369
1769408963102265344
1771077072871727104
1771233977728397312
1772623408578400256
1773199826643255296
1778589860858847232
1779082238447206401
1779541642778918912
1781888238283862016
1781980237124788224
1782315889033154560
1783426217280241664
1783451711862112256
1783919630043717632
1784212050966880256
1784952411595161600
1786028125194960896
1786574341469093888
1786694173883871232
1786775434849583104
1786891654609108992
1787438841160155139
1787499470923653120
1787840172794519552
1788724137055211520
1788839920569872384
1788906784683614208
1789675500761460736
1790293944414457856
1791629420278517760
1791762241706205184
1794154221194932224
1794292878065446915
1794461817215008768
1795720702554787840
1795759202100781058
1795801888128139264
1796027129488187392
1796132602581061632
1797089026111098880
1797727504540807168
1797805597993410562
1797808410433560576
1797840245083500544
1798746498454392832
1798962694575316992
1799461746291425280
1799610360284299264
1799795163843436544
1801623471547408384
1801873445481025538
1801915399958913024
1802056061144473600
1802580669228601344
1802728862830542848
1803504415430811653
1803730924430880769
1804911174221504512
1805598136531890176
1806241574709268480
1806972371607474176
1807050127540211712
1807063743991599104
1807546823676141568
1808479247197224960
1809011295691419649
1809398167366168576
1809500399394779143
1810197287341342720
1810725837366587392
1810940865952763906
1811017639797608449
1811397153925046272
1811550736724955136
1812113471435419649
1812160377775697920
1812759172393680896
1812899082354192385
1812977220312518656
1813064274442657792
1813276820030255106
1813499411240218626
1814484307249131520
1814495142663147520
1814531434692157442
1815048679004540928
1815339131620425728
1815912860561858560
1816037884392005632
1816279515188060160
1817263505659301888
1817274632166359040
1818097500575891457
1818107582117994496
1818168257985359872
1819204834492665859
1819916289605095424
1819972017229369344
1820042591418945536
1820765192764166144
1820798679403601920
1821055353834131456
1821846599976546305
1822843649316859904
1823032076976963584
1823712839351328768
1824341613826674691
1824480149385121799
1824812035449999360
1824816542032580608
1824984316079751168
1825301285895368705
1825452818431655936
1825590370195107840
1825878217183633408
1826070707748712448
1826331393959624706
1826656341655781383
1827424723653054464
1828175705743790080
1828357424958578690
1828707077323198464
1828729291980632064
1828780811581308929
1830116076820299776
1830177079838851074
1830362663861325825
1830424718337564672
1830463937231646720
1830676659848241152
1831984756432760832
1832742077316415488
1832823810724347905
1833545479226810369
1834141226381312001
1834168992577019904
1834782257749671940
1835282674455613440
1835496247857479680
1835721627130302464
1835753359015624704
1836664304571158528
1837088006924292096
1837092704045649920
1837794522249809921
1839263401845075974
1839630193608282112
1839694726452170752
1840696853324795905
1841149705746583553
1841676565857632258
1842105698509017088
1842109101721161728
1842557576871133184
1842699074824507392
1843099276194521088
1844025283676094464
1844066650561314821
1845044092377432072
1845050002911133696
1845085646383349763
1845708181936427008
1846118885457592320
1846196097628491783
1847559868384792576
1847909934203097088
1848035088782770176
1849122102441570304
1850205137819586560
1852340726010654720
1853318535038255105
1854833856966541313
1855226828648321024
1855524891744944128
1855890157989412864
1855908477685895168
1856253330437353472
1857335218673483776
1857987624591568896
1860560373264580611
1860883443384717312
1861186759570399233
1861337256063311872
1862324850964172800
1862394937209495552
1862844185998438400
1863383030494281728
1863562876256165888
1863776527831420928
1863807953108897792
1863845432046317568
1864265509560307712
1864320713622278144
1865017132234477571
1865661370303381504
1867009091878653953
1867018132080168961
1867037912673521664
1867551045293076480
1867612241480364033
1868232427220713473
1869077563928416257
1869654120757690368
1871533234187886592
1872470138169307136
1872636853205204992
1873310645019652096
1873875830750806017
1875471329375440896
1875494825145069568
1875498713143242755
1876284993556893696
1877266638191603717
1878389699456516096
1879340967008075776
1879523837152276480
1880314297135542272
1881307287769509888
1882056461599326208
1882338112241905664
1882901619601461248
1883047762729820160
1883222136669802496
1883258833151430657
1884468056702758912
1885305773280149504
1885806264766373888
1886259646132056064
1886676885398282241
1886682924751446016
1888192531277737984
1889354518581878784
1890450821902401536
1891980816319975424
1892209806213296128
1893759332581515264
1894405357444730880
1898663508230995968
1899482502583951360
1904941139108782080
1907382985
1908668668919398400
21969912
2292841878
2452784959
2508919105
2579990880
270025876
3022697779
3040861996
3123465870
349750810
385760660
443456184
4647369974
694725607574388736
724142348343504896
727779303442747392
746009258395766784
765889002
769142089074499584
820502514382422017
829602502974660608
833336581771517954
842086447087673344
846150551955881984
886525115210506243
889009407421366272
900188207840612358
908683039403732992
913364586538995712
926186902675374080
931934663198703616
940931345001299970
948014469044678656
960127699074260992
963011147157794816
975722965235978242
977453216114749440
